CCAT: [0.53406195 0.46593805]
GCAT: [0.69890708 0.30109292]
MCAT: [0.74590695 0.25409305]
C15: [0.81947384 0.18052616]
ECAT: [0.85100868 0.14899132]
M14: [0.89023284 0.10976716]
C151: [0.89779256 0.10220744]
C152: [0.91662707 0.08337293]
GPOL: [0.92885222 0.07114778]
M13: [0.93105534 0.06894466]
M141: [0.9348568 0.0651432]
C18: [0.93684392 0.06315608]
M11: [0.94410126 0.05589874]
E21: [0.945786 0.054214]
C181: [0.94794592 0.05205408]
C17: [0.94937146 0.05062854]
GCRIM: [0.9510562 0.0489438]
GVIO: [0.95183377 0.04816623]
C31: [0.95429608 0.04570392]
GDIP: [0.9566288 0.0433712]
C13: [0.95909111 0.04090889]
M131: [0.9592639 0.0407361]
C24: [0.96017107 0.03982893]
GSPO: [0.96055985 0.03944015]
E212: [0.96315176 0.03684824]
C21: [0.96574366 0.03425634]
M12: [0.96837876 0.03162124]
M132: [0.96980431 0.03019569]
E12: [0.97066828 0.02933172]
C11: [0.97088427 0.02911573]
E51: [0.97230982 0.02769018]
M143: [0.97382176 0.02617824]
GJOB: [0.97965355 0.02034645]
E41: [0.98060391 0.01939609]
C33: [0.9808631 0.0191369]
C171: [0.98112229 0.01887771]
E211: [0.98241825 0.01758175]
E512: [0.98272064 0.01727936]
C1511: [0.98276383 0.01723617]
C12: [0.98354141 0.01645859]
G15: [0.98431898 0.01568102]
GVOTE: [0.98505335 0.01494665]
C42: [0.98518295 0.01481705]
C41: [0.9865221 0.0134779]
M142: [0.98656529 0.01343471]
GDIS: [0.98734287 0.01265713]
C411: [0.98764525 0.01235475]
C172: [0.98768845 0.01231155]
E11: [0.98794764 0.01205236]
C174: [0.98937319 0.01062681]
GDEF: [0.98993477 0.01006523]
C183: [0.99127392 0.00872608]
GHEA: [0.99148991 0.00851009]
C312: [0.99153311 0.00846689]
C22: [0.9917923 0.0082077]
E13: [0.9919219 0.0080781]
GENV: [0.99256987 0.00743013]
E131: [0.99278587 0.00721413]
C311: [0.99282906 0.00717094]
E71: [0.99282906 0.00717094]
GPRO: [0.99282906 0.00717094]
C14: [0.99308825 0.00691175]
C182: [0.99386583 0.00613417]
G154: [0.99403862 0.00596138]
GWEA: [0.99416821 0.00583179]
C34: [0.99481619 0.00518381]
GENT: [0.99542097 0.00457903]
E511: [0.99559376 0.00440624]
E121: [0.99593935 0.00406065]
GREL: [0.99602575 0.00397425]
GODD: [0.99611214 0.00388786]
C173: [0.99671692 0.00328308]
E31: [0.9971489 0.0028511]
E14: [0.9971921 0.0028079]
C23: [0.9973217 0.0026783]
G153: [0.99745129 0.00254871]
E513: [0.99766729 0.00233271]
G158: [0.99775368 0.00224632]
GWELF: [0.99779688 0.00220312]
C16: [0.99788328 0.00211672]
G151: [0.99788328 0.00211672]
G157: [0.99805607 0.00194393]
C32: [0.99814247 0.00185753]
E311: [0.99814247 0.00185753]
C313: [0.99822887 0.00177113]
E411: [0.99827206 0.00172794]
G155: [0.99835846 0.00164154]
GSCI: [0.99840166 0.00159834]
G152: [0.99848806 0.00151194]
E143: [0.99853125 0.00146875]
C331: [0.99866085 0.00133915]
GTOUR: [9.99006437e-01 9.93563437e-04]
E132: [9.99265627e-01 7.34372975e-04]
E61: [9.99352024e-01 6.47976154e-04]
GOBIT: [9.99438421e-01 5.61579334e-04]
E141: [9.99481619e-01 5.18380924e-04]
E142: [9.99654413e-01 3.45587282e-04]
GFAS: [9.99740810e-01 2.59190462e-04]
E313: [9.99870405e-01 1.29595231e-04]
G156: [9.99913603e-01 8.63968206e-05]
G159: [9.99913603e-01 8.63968206e-05]
E312: [1.]
GMIL: [1.]
